{
 "cells": [
  {
   "cell_type": "code",
   "execution_count": 161,
   "metadata": {
    "collapsed": true
   },
   "outputs": [],
   "source": [
    "import pandas as pd\n",
    "import numpy as np\n",
    "import pymongo\n",
    "import requests\n",
    "import json\n",
    "import pickle\n",
    "from collections import defaultdict\n",
    "from collections import Counter\n",
    "from scipy.special import logit, expit"
   ]
  },
  {
   "cell_type": "code",
   "execution_count": 5,
   "metadata": {
    "collapsed": true
   },
   "outputs": [],
   "source": [
    "def reccomend(a1=None,a2=None,a3=None,a4=None,a5=None,\n",
    "              e1=None,e2=None,e3=None,e4=None,e5=None,\n",
    "              enemy_laner1=None,enemy_laner2=None):\n",
    "    \n",
    "    allies=[champid for champid in [a1,a2,a3,a4,a5] if champid != None]\n",
    "    enemies=[champid for champid in [e1,e2,e3,e4,e5] if champid != None]\n",
    "    return allies,enemies"
   ]
  },
  {
   "cell_type": "code",
   "execution_count": 6,
   "metadata": {},
   "outputs": [
    {
     "data": {
      "text/plain": [
       "([1, 8], [133, 178, 203])"
      ]
     },
     "execution_count": 6,
     "metadata": {},
     "output_type": "execute_result"
    }
   ],
   "source": [
    "result=reccomend(a1=1,a2=8,e1=133,e2=178,e3=203)\n",
    "result"
   ]
  },
  {
   "cell_type": "code",
   "execution_count": 8,
   "metadata": {
    "collapsed": true
   },
   "outputs": [],
   "source": [
    "try:\n",
    "    champ_dict\n",
    "except:\n",
    "    champ_dict = pickle.load(open(\"champion_dict.p\",\"rb\"))\n",
    "\n",
    "def champion_number_to_name(champion_number):\n",
    "\n",
    "    return champ_dict[\"data\"][str(champion_number)][\"name\"]"
   ]
  },
  {
   "cell_type": "code",
   "execution_count": 9,
   "metadata": {
    "collapsed": true
   },
   "outputs": [],
   "source": [
    "possible_champs=champ_dict[\"data\"].keys()\n",
    "predicting_probs={}"
   ]
  },
  {
   "cell_type": "code",
   "execution_count": 390,
   "metadata": {},
   "outputs": [],
   "source": [
    "class recommender(object):\n",
    "    def __init__(self,a1=None,a2=None,a3=None,a4=None,a5=None,\n",
    "                 e1=None,e2=None,e3=None,e4=None,e5=None,\n",
    "                 enemy_laner1=None,enemy_laner2=None):\n",
    "        #self.a1=a1, self.a2=a2, self.a3=a3, self.a4=a4, self.a5=a5\n",
    "        #self.e1=e1, self.e2=e2, self.e3=e3, self.e4=e4, self.e5=e5\n",
    "        self.enemy_laners=[champid for champid in [enemy_laner1,enemy_laner2] if champid != None]\n",
    "        self.allies=[champid for champid in [a1,a2,a3,a4,a5] if champid != None]\n",
    "        self.enemies=[champid for champid in [e1,e2,e3,e4,e5] if champid != None]\n",
    "        self.champion_dict = pickle.load(open(\"champion_dict.p\",\"rb\"))\n",
    "        self.matchup_win_percent= pickle.load(open(\"matchup_win_percent.p\",\"rb\"))\n",
    "        self.synergy_win_percent= pickle.load(open(\"synergy_win_percent.p\",\"rb\"))\n",
    "        self.flat_win_percent = pickle.load( open( \"flat_win_percent.p\", \"rb\" ) )\n",
    "        self.lane_matchup= pickle.load( open( \"  \", \"rb\" ) )\n",
    "        self.predicted_winrates = {}\n",
    "        self.update_events=0\n",
    "        \n",
    "        \n",
    "    def load_base_winrate(self):\n",
    "        for key in self.flat_win_percent:\n",
    "            self.predicted_winrates[key]=logit(.5) #self.flat_win_percent[key]\n",
    "\n",
    "###START\n",
    "    def get_winrate_for_enemy(self,possible_pick,enemyid):\n",
    "        return self.matchup_win_percent[possible_pick,enemyid]\n",
    "    def get_winrate_for_ally(self,possible_pick,allyid):\n",
    "        return self.synergy_win_percent[possible_pick,allyid]\n",
    "    def get_winrate_for_enemy_laner(self, possible_pick,lanerid):\n",
    "        return self.lane_matchup[possible_pick,lanerid]\n",
    "    \n",
    "    \n",
    "    def update_predicted_winrate_for_enemy(self,picked_champion):\n",
    "        self.update_events+=1   \n",
    "        for champion in self.predicted_winrates.keys():\n",
    "            if champion == picked_champion:\n",
    "                pass\n",
    "            else:\n",
    "                self.predicted_winrates[champion] = self.predicted_winrates[champion] + logit(self.get_winrate_for_enemy(champion,picked_champion))    \n",
    "    \n",
    "    def update_predicted_winrate_for_ally(self,picked_champion):\n",
    "        self.update_events+=1\n",
    "        for champion in self.predicted_winrates.keys():\n",
    "            if champion == picked_champion:\n",
    "                pass\n",
    "            else:\n",
    "                self.predicted_winrates[champion] = self.predicted_winrates[champion] + logit(self.get_winrate_for_ally(champion,picked_champion))    \n",
    "    \n",
    "    def update_predicted_winrate_for_lane(self, enemy_champion):\n",
    "        self.update_events+=1\n",
    "        for champion in self.predicted_winrates.keys():\n",
    "            self.predicted_winrates[champion] = self.predicted_winrates[champion] + logit(self.get_winrate_for_enemy_laner(champion,picked_champion))\n",
    "###END           \n",
    "    \n",
    "    def top_picks(self):\n",
    "        return sorted(self.predicted_winrates.items(), key=lambda(item): item[1], reverse=True)\n",
    "    \n",
    "    def champion_name_from_id(self,champion_number):\n",
    "        return self.champion_dict[\"data\"][str(champion_number)][\"name\"]\n",
    "    \n",
    "    def predict(self,n=5):\n",
    "        top_picks=[]\n",
    "        for pair in self.top_picks()[:n]:\n",
    "            top_picks.append((self.champion_name_from_id(pair[0]), expit(pair[1]/(self.update_events+1))))\n",
    "        return top_picks\n",
    "        \n",
    "        \n",
    "        "
   ]
  },
  {
   "cell_type": "code",
   "execution_count": 394,
   "metadata": {},
   "outputs": [],
   "source": [
    "model=recommender(a1=1,a2=8,e1=3,e2=4,e3=26)"
   ]
  },
  {
   "cell_type": "code",
   "execution_count": 395,
   "metadata": {},
   "outputs": [
    {
     "data": {
      "text/plain": [
       "{}"
      ]
     },
     "execution_count": 395,
     "metadata": {},
     "output_type": "execute_result"
    }
   ],
   "source": [
    "model.predicted_winrates"
   ]
  },
  {
   "cell_type": "code",
   "execution_count": 399,
   "metadata": {},
   "outputs": [
    {
     "data": {
      "text/plain": [
       "[((20, 421), 1.0),\n",
       " ((72, 60), 1.0),\n",
       " ((103, 103), 1.0),\n",
       " ((203, 72), 1.0),\n",
       " ((120, 72), 1.0),\n",
       " ((72, 203), 1.0),\n",
       " ((421, 20), 1.0),\n",
       " ((136, 42), 1.0),\n",
       " ((72, 120), 1.0),\n",
       " ((127, 112), 1.0),\n",
       " ((72, 33), 1.0),\n",
       " ((112, 127), 1.0),\n",
       " ((39, 39), 1.0),\n",
       " ((77, 60), 1.0),\n",
       " ((48, 48), 1.0),\n",
       " ((134, 134), 1.0),\n",
       " ((33, 72), 1.0),\n",
       " ((34, 34), 1.0),\n",
       " ((127, 30), 1.0),\n",
       " ((36, 36), 1.0),\n",
       " ((60, 77), 1.0),\n",
       " ((119, 119), 1.0),\n",
       " ((18, 18), 1.0),\n",
       " ((69, 69), 1.0),\n",
       " ((60, 72), 1.0),\n",
       " ((21, 21), 1.0),\n",
       " ((30, 127), 1.0),\n",
       " ((78, 78), 1.0),\n",
       " ((42, 136), 1.0),\n",
       " ((203, 32), 0.9),\n",
       " ((32, 203), 0.9),\n",
       " ((136, 103), 0.9),\n",
       " ((103, 136), 0.9),\n",
       " ((240, 122), 0.875),\n",
       " ((203, 154), 0.875),\n",
       " ((60, 120), 0.875),\n",
       " ((122, 240), 0.875),\n",
       " ((120, 60), 0.875),\n",
       " ((154, 203), 0.875),\n",
       " ((127, 163), 0.8571428571428571),\n",
       " ((163, 127), 0.8571428571428571),\n",
       " ((33, 203), 0.8181818181818182),\n",
       " ((203, 33), 0.8181818181818182),\n",
       " ((20, 56), 0.8),\n",
       " ((40, 201), 0.8),\n",
       " ((164, 58), 0.8),\n",
       " ((58, 164), 0.8),\n",
       " ((201, 40), 0.8),\n",
       " ((154, 120), 0.8),\n",
       " ((79, 72), 0.8),\n",
       " ((56, 20), 0.8),\n",
       " ((72, 79), 0.8),\n",
       " ((120, 154), 0.8),\n",
       " ((44, 89), 0.7931034482758621),\n",
       " ((89, 44), 0.7931034482758621),\n",
       " ((35, 60), 0.7916666666666666),\n",
       " ((60, 35), 0.7916666666666666),\n",
       " ((127, 427), 0.7894736842105263),\n",
       " ((427, 127), 0.7894736842105263),\n",
       " ((421, 28), 0.7837837837837838),\n",
       " ((28, 421), 0.7837837837837838),\n",
       " ((72, 2), 0.7777777777777778),\n",
       " ((421, 64), 0.7777777777777778),\n",
       " ((64, 421), 0.7777777777777778),\n",
       " ((2, 72), 0.7777777777777778),\n",
       " ((163, 69), 0.7777777777777778),\n",
       " ((69, 163), 0.7777777777777778),\n",
       " ((7, 55), 0.7727272727272727),\n",
       " ((55, 7), 0.7727272727272727),\n",
       " ((69, 101), 0.7692307692307693),\n",
       " ((28, 72), 0.7692307692307693),\n",
       " ((101, 69), 0.7692307692307693),\n",
       " ((72, 28), 0.7692307692307693),\n",
       " ((20, 13), 0.7555555555555555),\n",
       " ((13, 20), 0.7555555555555555),\n",
       " ((72, 421), 0.75),\n",
       " ((28, 32), 0.75),\n",
       " ((154, 421), 0.75),\n",
       " ((55, 112), 0.75),\n",
       " ((32, 28), 0.75),\n",
       " ((2, 60), 0.75),\n",
       " ((79, 60), 0.75),\n",
       " ((112, 55), 0.75),\n",
       " ((60, 2), 0.75),\n",
       " ((136, 55), 0.75),\n",
       " ((55, 136), 0.75),\n",
       " ((420, 27), 0.75),\n",
       " ((7, 112), 0.75),\n",
       " ((112, 7), 0.75),\n",
       " ((60, 79), 0.75),\n",
       " ((421, 72), 0.75),\n",
       " ((27, 420), 0.75),\n",
       " ((421, 154), 0.75),\n",
       " ((245, 127), 0.7419354838709677),\n",
       " ((127, 245), 0.7419354838709677),\n",
       " ((35, 20), 0.7407407407407407),\n",
       " ((20, 35), 0.7407407407407407),\n",
       " ((107, 106), 0.7368421052631579),\n",
       " ((240, 85), 0.7368421052631579),\n",
       " ((20, 2), 0.7368421052631579),\n",
       " ((106, 107), 0.7368421052631579),\n",
       " ((2, 20), 0.7368421052631579),\n",
       " ((85, 240), 0.7368421052631579),\n",
       " ((40, 267), 0.7333333333333333),\n",
       " ((267, 40), 0.7333333333333333),\n",
       " ((58, 20), 0.7307692307692307),\n",
       " ((20, 58), 0.7307692307692307),\n",
       " ((154, 76), 0.7272727272727273),\n",
       " ((76, 154), 0.7272727272727273),\n",
       " ((20, 427), 0.7272727272727273),\n",
       " ((427, 20), 0.7272727272727273),\n",
       " ((136, 163), 0.7272727272727273),\n",
       " ((163, 136), 0.7272727272727273),\n",
       " ((150, 127), 0.7261904761904762),\n",
       " ((127, 150), 0.7261904761904762),\n",
       " ((69, 2), 0.7246376811594203),\n",
       " ((2, 69), 0.7246376811594203),\n",
       " ((56, 35), 0.7222222222222222),\n",
       " ((35, 56), 0.7222222222222222),\n",
       " ((55, 105), 0.7213114754098361),\n",
       " ((105, 55), 0.7213114754098361),\n",
       " ((90, 127), 0.72),\n",
       " ((127, 90), 0.72),\n",
       " ((163, 107), 0.717948717948718),\n",
       " ((107, 163), 0.717948717948718),\n",
       " ((60, 85), 0.7169811320754716),\n",
       " ((85, 60), 0.7169811320754716),\n",
       " ((427, 104), 0.7142857142857143),\n",
       " ((56, 76), 0.7142857142857143),\n",
       " ((79, 203), 0.7142857142857143),\n",
       " ((38, 112), 0.7142857142857143),\n",
       " ((104, 427), 0.7142857142857143),\n",
       " ((7, 136), 0.7142857142857143),\n",
       " ((30, 112), 0.7142857142857143),\n",
       " ((79, 421), 0.7142857142857143),\n",
       " ((112, 38), 0.7142857142857143),\n",
       " ((268, 112), 0.7142857142857143),\n",
       " ((421, 79), 0.7142857142857143),\n",
       " ((112, 30), 0.7142857142857143),\n",
       " ((164, 240), 0.7142857142857143),\n",
       " ((107, 72), 0.7142857142857143),\n",
       " ((76, 56), 0.7142857142857143),\n",
       " ((136, 7), 0.7142857142857143),\n",
       " ((112, 268), 0.7142857142857143),\n",
       " ((203, 79), 0.7142857142857143),\n",
       " ((240, 164), 0.7142857142857143),\n",
       " ((72, 107), 0.7142857142857143),\n",
       " ((13, 48), 0.7101449275362319),\n",
       " ((48, 13), 0.7101449275362319),\n",
       " ((42, 38), 0.7096774193548387),\n",
       " ((432, 12), 0.7096774193548387),\n",
       " ((12, 432), 0.7096774193548387),\n",
       " ((38, 42), 0.7096774193548387),\n",
       " ((20, 44), 0.7090909090909091),\n",
       " ((44, 20), 0.7090909090909091),\n",
       " ((38, 134), 0.7083333333333334),\n",
       " ((134, 38), 0.7083333333333334),\n",
       " ((127, 82), 0.7058823529411765),\n",
       " ((268, 69), 0.7058823529411765),\n",
       " ((82, 127), 0.7058823529411765),\n",
       " ((33, 76), 0.7058823529411765),\n",
       " ((76, 33), 0.7058823529411765),\n",
       " ((69, 268), 0.7058823529411765),\n",
       " ((516, 68), 0.7027027027027027),\n",
       " ((68, 516), 0.7027027027027027),\n",
       " ((1, 163), 0.7021276595744681),\n",
       " ((163, 1), 0.7021276595744681),\n",
       " ((104, 56), 0.7),\n",
       " ((56, 104), 0.7),\n",
       " ((112, 161), 0.7),\n",
       " ((72, 121), 0.7),\n",
       " ((68, 82), 0.7),\n",
       " ((82, 68), 0.7),\n",
       " ((421, 120), 0.7),\n",
       " ((76, 136), 0.7),\n",
       " ((120, 421), 0.7),\n",
       " ((161, 112), 0.7),\n",
       " ((121, 72), 0.7),\n",
       " ((136, 76), 0.7),\n",
       " ((121, 20), 0.696969696969697),\n",
       " ((20, 121), 0.696969696969697),\n",
       " ((254, 107), 0.6956521739130435),\n",
       " ((107, 254), 0.6956521739130435),\n",
       " ((77, 107), 0.6923076923076923),\n",
       " ((2, 111), 0.6923076923076923),\n",
       " ((72, 127), 0.6923076923076923),\n",
       " ((201, 223), 0.6923076923076923),\n",
       " ((111, 2), 0.6923076923076923),\n",
       " ((223, 201), 0.6923076923076923),\n",
       " ((107, 77), 0.6923076923076923),\n",
       " ((127, 72), 0.6923076923076923),\n",
       " ((203, 28), 0.6909090909090909),\n",
       " ((28, 203), 0.6909090909090909),\n",
       " ((31, 20), 0.6904761904761905),\n",
       " ((20, 31), 0.6904761904761905),\n",
       " ((35, 223), 0.689922480620155),\n",
       " ((223, 35), 0.689922480620155),\n",
       " ((110, 498), 0.6896551724137931),\n",
       " ((498, 110), 0.6896551724137931),\n",
       " ((85, 72), 0.6896551724137931),\n",
       " ((72, 85), 0.6896551724137931),\n",
       " ((114, 240), 0.6875),\n",
       " ((240, 114), 0.6875),\n",
       " ((69, 34), 0.6875),\n",
       " ((34, 69), 0.6875),\n",
       " ((74, 20), 0.6851851851851852),\n",
       " ((35, 76), 0.6851851851851852),\n",
       " ((20, 74), 0.6851851851851852),\n",
       " ((76, 35), 0.6851851851851852),\n",
       " ((64, 203), 0.6842105263157895),\n",
       " ((77, 203), 0.6842105263157895),\n",
       " ((267, 12), 0.6842105263157895),\n",
       " ((203, 77), 0.6842105263157895),\n",
       " ((12, 267), 0.6842105263157895),\n",
       " ((421, 2), 0.6842105263157895),\n",
       " ((203, 64), 0.6842105263157895),\n",
       " ((2, 421), 0.6842105263157895),\n",
       " ((427, 1), 0.6825396825396826),\n",
       " ((1, 427), 0.6825396825396826),\n",
       " ((163, 115), 0.6818181818181818),\n",
       " ((115, 163), 0.6818181818181818),\n",
       " ((82, 58), 0.6818181818181818),\n",
       " ((58, 82), 0.6818181818181818),\n",
       " ((127, 53), 0.6810344827586207),\n",
       " ((53, 127), 0.6810344827586207),\n",
       " ((82, 7), 0.6808510638297872),\n",
       " ((7, 82), 0.6808510638297872),\n",
       " ((34, 163), 0.68),\n",
       " ((163, 34), 0.68),\n",
       " ((32, 20), 0.68),\n",
       " ((20, 68), 0.68),\n",
       " ((68, 20), 0.68),\n",
       " ((20, 32), 0.68),\n",
       " ((43, 432), 0.6794871794871795),\n",
       " ((432, 43), 0.6794871794871795),\n",
       " ((60, 54), 0.6792452830188679),\n",
       " ((54, 60), 0.6792452830188679),\n",
       " ((26, 76), 0.6790123456790124),\n",
       " ((76, 26), 0.6790123456790124),\n",
       " ((60, 141), 0.6785714285714286),\n",
       " ((22, 20), 0.6785714285714286),\n",
       " ((20, 22), 0.6785714285714286),\n",
       " ((141, 60), 0.6785714285714286),\n",
       " ((427, 85), 0.6774193548387096),\n",
       " ((154, 64), 0.6774193548387096),\n",
       " ((427, 36), 0.6774193548387096),\n",
       " ((85, 427), 0.6774193548387096),\n",
       " ((427, 64), 0.6774193548387096),\n",
       " ((64, 154), 0.6774193548387096),\n",
       " ((64, 427), 0.6774193548387096),\n",
       " ((36, 427), 0.6774193548387096),\n",
       " ((28, 121), 0.6770833333333334),\n",
       " ((121, 28), 0.6770833333333334),\n",
       " ((20, 1), 0.6766917293233082),\n",
       " ((1, 20), 0.6766917293233082),\n",
       " ((112, 240), 0.676056338028169),\n",
       " ((240, 112), 0.676056338028169),\n",
       " ((103, 101), 0.6756756756756757),\n",
       " ((82, 133), 0.6756756756756757),\n",
       " ((133, 82), 0.6756756756756757),\n",
       " ((112, 82), 0.6756756756756757),\n",
       " ((101, 103), 0.6756756756756757),\n",
       " ((82, 112), 0.6756756756756757),\n",
       " ((131, 427), 0.6739130434782609),\n",
       " ((427, 131), 0.6739130434782609),\n",
       " ((432, 163), 0.6732673267326733),\n",
       " ((163, 432), 0.6732673267326733),\n",
       " ((3, 13), 0.6724890829694323),\n",
       " ((13, 3), 0.6724890829694323),\n",
       " ((245, 7), 0.671875),\n",
       " ((7, 245), 0.671875),\n",
       " ((223, 133), 0.6705882352941176),\n",
       " ((133, 223), 0.6705882352941176),\n",
       " ((13, 223), 0.6691729323308271),\n",
       " ((223, 13), 0.6691729323308271),\n",
       " ((28, 107), 0.6690647482014388),\n",
       " ((107, 28), 0.6690647482014388),\n",
       " ((33, 154), 0.6666666666666666),\n",
       " ((5, 72), 0.6666666666666666),\n",
       " ((55, 13), 0.6666666666666666),\n",
       " ((154, 77), 0.6666666666666666),\n",
       " ((45, 45), 0.6666666666666666),\n",
       " ((38, 268), 0.6666666666666666),\n",
       " ((427, 136), 0.6666666666666666),\n",
       " ((68, 72), 0.6666666666666666),\n",
       " ((136, 115), 0.6666666666666666),\n",
       " ((429, 96), 0.6666666666666666),\n",
       " ((115, 136), 0.6666666666666666),\n",
       " ((203, 421), 0.6666666666666666),\n",
       " ((421, 203), 0.6666666666666666),\n",
       " ((432, 44), 0.6666666666666666),\n",
       " ((268, 127), 0.6666666666666666),\n",
       " ((427, 113), 0.6666666666666666),\n",
       " ((72, 5), 0.6666666666666666),\n",
       " ((86, 86), 0.6666666666666666),\n",
       " ((432, 89), 0.6666666666666666),\n",
       " ((113, 427), 0.6666666666666666),\n",
       " ((96, 429), 0.6666666666666666),\n",
       " ((77, 154), 0.6666666666666666),\n",
       " ((412, 432), 0.6666666666666666),\n",
       " ((427, 76), 0.6666666666666666),\n",
       " ((13, 38), 0.6666666666666666),\n",
       " ((266, 56), 0.6666666666666666),\n",
       " ((421, 121), 0.6666666666666666),\n",
       " ((39, 58), 0.6666666666666666),\n",
       " ((77, 69), 0.6666666666666666),\n",
       " ((154, 33), 0.6666666666666666),\n",
       " ((223, 72), 0.6666666666666666),\n",
       " ((136, 72), 0.6666666666666666),\n",
       " ((85, 69), 0.6666666666666666),\n",
       " ((412, 267), 0.6666666666666666),\n",
       " ((72, 68), 0.6666666666666666),\n",
       " ((115, 38), 0.6666666666666666),\n",
       " ((421, 102), 0.6666666666666666),\n",
       " ((56, 266), 0.6666666666666666),\n",
       " ((13, 136), 0.6666666666666666),\n",
       " ((44, 432), 0.6666666666666666),\n",
       " ((267, 412), 0.6666666666666666),\n",
       " ((89, 432), 0.6666666666666666),\n",
       " ((28, 20), 0.6666666666666666),\n",
       " ((56, 64), 0.6666666666666666),\n",
       " ((69, 77), 0.6666666666666666),\n",
       " ((58, 39), 0.6666666666666666),\n",
       " ((13, 58), 0.6666666666666666),\n",
       " ((76, 427), 0.6666666666666666),\n",
       " ((72, 223), 0.6666666666666666),\n",
       " ((58, 240), 0.6666666666666666),\n",
       " ((72, 136), 0.6666666666666666),\n",
       " ((421, 56), 0.6666666666666666),\n",
       " ((13, 55), 0.6666666666666666),\n",
       " ((20, 28), 0.6666666666666666),\n",
       " ((203, 427), 0.6666666666666666),\n",
       " ((268, 38), 0.6666666666666666),\n",
       " ((240, 58), 0.6666666666666666),\n",
       " ((69, 85), 0.6666666666666666),\n",
       " ((432, 412), 0.6666666666666666),\n",
       " ((38, 115), 0.6666666666666666),\n",
       " ((121, 421), 0.6666666666666666),\n",
       " ((136, 13), 0.6666666666666666),\n",
       " ((127, 79), 0.6666666666666666),\n",
       " ((136, 427), 0.6666666666666666),\n",
       " ((58, 13), 0.6666666666666666),\n",
       " ((427, 203), 0.6666666666666666),\n",
       " ((38, 13), 0.6666666666666666),\n",
       " ((56, 421), 0.6666666666666666),\n",
       " ((127, 268), 0.6666666666666666),\n",
       " ((44, 267), 0.6666666666666666),\n",
       " ((267, 44), 0.6666666666666666),\n",
       " ((102, 421), 0.6666666666666666),\n",
       " ((79, 127), 0.6666666666666666),\n",
       " ((64, 56), 0.6666666666666666),\n",
       " ((154, 13), 0.6639344262295082),\n",
       " ((13, 154), 0.6639344262295082),\n",
       " ((432, 13), 0.6639004149377593),\n",
       " ((13, 432), 0.6639004149377593),\n",
       " ((36, 77), 0.6617647058823529),\n",
       " ((420, 60), 0.6617647058823529),\n",
       " ((60, 420), 0.6617647058823529),\n",
       " ((77, 36), 0.6617647058823529),\n",
       " ((7, 1), 0.6607142857142857),\n",
       " ((64, 36), 0.6607142857142857),\n",
       " ((20, 34), 0.6607142857142857),\n",
       " ((36, 64), 0.6607142857142857),\n",
       " ((34, 20), 0.6607142857142857),\n",
       " ((1, 7), 0.6607142857142857),\n",
       " ((6, 122), 0.660377358490566),\n",
       " ((122, 6), 0.660377358490566),\n",
       " ((51, 96), 0.66),\n",
       " ((96, 51), 0.66),\n",
       " ((133, 421), 0.6595744680851063),\n",
       " ((421, 133), 0.6595744680851063),\n",
       " ((127, 14), 0.6595744680851063),\n",
       " ((14, 127), 0.6595744680851063),\n",
       " ((28, 254), 0.6590909090909091),\n",
       " ((254, 28), 0.6590909090909091),\n",
       " ((223, 112), 0.6585365853658537),\n",
       " ((26, 240), 0.6585365853658537),\n",
       " ((112, 223), 0.6585365853658537),\n",
       " ((48, 68), 0.6585365853658537),\n",
       " ((240, 26), 0.6585365853658537),\n",
       " ((68, 48), 0.6585365853658537),\n",
       " ((77, 76), 0.6578947368421053),\n",
       " ((76, 77), 0.6578947368421053),\n",
       " ((39, 17), 0.6576576576576577),\n",
       " ((17, 39), 0.6576576576576577),\n",
       " ((115, 268), 0.6571428571428571),\n",
       " ((268, 115), 0.6571428571428571),\n",
       " ((82, 60), 0.6571428571428571),\n",
       " ((20, 432), 0.6571428571428571),\n",
       " ((432, 20), 0.6571428571428571),\n",
       " ((60, 82), 0.6571428571428571),\n",
       " ((13, 150), 0.6568265682656826),\n",
       " ((150, 13), 0.6568265682656826),\n",
       " ((13, 134), 0.6567164179104478),\n",
       " ((134, 13), 0.6567164179104478),\n",
       " ((18, 429), 0.65625),\n",
       " ((38, 4), 0.65625),\n",
       " ((201, 163), 0.65625),\n",
       " ((164, 42), 0.65625),\n",
       " ((429, 18), 0.65625),\n",
       " ((9, 427), 0.65625),\n",
       " ((163, 201), 0.65625),\n",
       " ((4, 38), 0.65625),\n",
       " ((427, 9), 0.65625),\n",
       " ((42, 164), 0.65625),\n",
       " ((7, 79), 0.6561085972850679),\n",
       " ((79, 7), 0.6561085972850679),\n",
       " ((77, 111), 0.6559139784946236),\n",
       " ((111, 77), 0.6559139784946236),\n",
       " ((91, 2), 0.6555555555555556),\n",
       " ((2, 91), 0.6555555555555556),\n",
       " ((141, 203), 0.6551724137931034),\n",
       " ((268, 90), 0.6551724137931034),\n",
       " ((90, 268), 0.6551724137931034),\n",
       " ((68, 27), 0.6551724137931034),\n",
       " ((107, 266), 0.6551724137931034),\n",
       " ((266, 107), 0.6551724137931034),\n",
       " ((27, 68), 0.6551724137931034),\n",
       " ((203, 141), 0.6551724137931034),\n",
       " ((89, 20), 0.6548672566371682),\n",
       " ((20, 89), 0.6548672566371682),\n",
       " ((39, 150), 0.6538461538461539),\n",
       " ((26, 53), 0.6538461538461539),\n",
       " ((78, 80), 0.6538461538461539),\n",
       " ((150, 39), 0.6538461538461539),\n",
       " ((2, 136), 0.6538461538461539),\n",
       " ((53, 26), 0.6538461538461539),\n",
       " ((20, 113), 0.6538461538461539),\n",
       " ((80, 78), 0.6538461538461539),\n",
       " ((136, 2), 0.6538461538461539),\n",
       " ((113, 20), 0.6538461538461539),\n",
       " ((76, 13), 0.6533333333333333),\n",
       " ((13, 76), 0.6533333333333333),\n",
       " ((2, 58), 0.6527777777777778),\n",
       " ((58, 2), 0.6527777777777778),\n",
       " ((107, 121), 0.6521739130434783),\n",
       " ((420, 421), 0.6521739130434783),\n",
       " ((121, 203), 0.6521739130434783),\n",
       " ((203, 121), 0.6521739130434783),\n",
       " ((421, 420), 0.6521739130434783),\n",
       " ((2, 112), 0.6521739130434783),\n",
       " ((85, 30), 0.6521739130434783),\n",
       " ((112, 2), 0.6521739130434783),\n",
       " ((121, 107), 0.6521739130434783),\n",
       " ((30, 85), 0.6521739130434783),\n",
       " ((223, 12), 0.6511627906976745),\n",
       " ((2, 36), 0.6511627906976745),\n",
       " ((36, 2), 0.6511627906976745),\n",
       " ((1, 69), 0.6511627906976745),\n",
       " ((12, 223), 0.6511627906976745),\n",
       " ((69, 1), 0.6511627906976745),\n",
       " ((106, 223), 0.6507936507936508),\n",
       " ((223, 106), 0.6507936507936508),\n",
       " ((106, 13), 0.65),\n",
       " ((127, 20), 0.65),\n",
       " ((127, 203), 0.65),\n",
       " ((4, 101), 0.65),\n",
       " ((13, 106), 0.65),\n",
       " ((203, 127), 0.65),\n",
       " ((44, 412), 0.65),\n",
       " ((412, 44), 0.65),\n",
       " ((101, 4), 0.65),\n",
       " ((20, 127), 0.65),\n",
       " ((12, 78), 0.6491228070175439),\n",
       " ((427, 28), 0.6491228070175439),\n",
       " ((28, 427), 0.6491228070175439),\n",
       " ((78, 12), 0.6491228070175439),\n",
       " ((266, 134), 0.648854961832061),\n",
       " ((134, 266), 0.648854961832061),\n",
       " ((268, 42), 0.6486486486486487),\n",
       " ((42, 268), 0.6486486486486487),\n",
       " ((43, 26), 0.6470588235294118),\n",
       " ((133, 6), 0.6470588235294118),\n",
       " ((6, 133), 0.6470588235294118),\n",
       " ((26, 43), 0.6470588235294118),\n",
       " ((201, 53), 0.6470588235294118),\n",
       " ((53, 201), 0.6470588235294118),\n",
       " ((143, 111), 0.6455696202531646),\n",
       " ((111, 143), 0.6455696202531646),\n",
       " ((10, 136), 0.6451612903225806),\n",
       " ((43, 164), 0.6451612903225806),\n",
       " ((136, 10), 0.6451612903225806),\n",
       " ((164, 43), 0.6451612903225806),\n",
       " ((268, 134), 0.6451612903225806),\n",
       " ((134, 268), 0.6451612903225806),\n",
       " ((78, 6), 0.6444444444444445),\n",
       " ((6, 78), 0.6444444444444445),\n",
       " ((13, 266), 0.6438356164383562),\n",
       " ((266, 13), 0.6438356164383562),\n",
       " ((106, 64), 0.6428571428571429),\n",
       " ((134, 105), 0.6428571428571429),\n",
       " ((60, 102), 0.6428571428571429),\n",
       " ((39, 203), 0.6428571428571429),\n",
       " ((150, 75), 0.6428571428571429),\n",
       " ((105, 134), 0.6428571428571429),\n",
       " ((75, 150), 0.6428571428571429),\n",
       " ((38, 427), 0.6428571428571429),\n",
       " ((64, 106), 0.6428571428571429),\n",
       " ((203, 39), 0.6428571428571429),\n",
       " ((427, 38), 0.6428571428571429),\n",
       " ((102, 60), 0.6428571428571429),\n",
       " ((60, 38), 0.6421052631578947),\n",
       " ((38, 60), 0.6421052631578947),\n",
       " ((127, 3), 0.6415094339622641),\n",
       " ((2, 121), 0.6415094339622641),\n",
       " ((3, 127), 0.6415094339622641),\n",
       " ((121, 2), 0.6415094339622641),\n",
       " ((202, 15), 0.6410256410256411),\n",
       " ((15, 202), 0.6410256410256411),\n",
       " ((141, 20), 0.6407766990291263),\n",
       " ((20, 141), 0.6407766990291263),\n",
       " ((105, 13), 0.6404494382022472),\n",
       " ((13, 105), 0.6404494382022472),\n",
       " ((268, 163), 0.64),\n",
       " ((163, 268), 0.64),\n",
       " ((12, 20), 0.64),\n",
       " ((20, 12), 0.64),\n",
       " ((38, 103), 0.64),\n",
       " ((103, 38), 0.64),\n",
       " ((13, 98), 0.6396396396396397),\n",
       " ((98, 13), 0.6396396396396397),\n",
       " ((20, 163), 0.6388888888888888),\n",
       " ((203, 78), 0.6388888888888888),\n",
       " ((64, 77), 0.6388888888888888),\n",
       " ((78, 203), 0.6388888888888888),\n",
       " ((163, 20), 0.6388888888888888),\n",
       " ((77, 64), 0.6388888888888888),\n",
       " ((429, 7), 0.6385542168674698),\n",
       " ((7, 429), 0.6385542168674698),\n",
       " ((266, 122), 0.6382978723404256),\n",
       " ((122, 266), 0.6382978723404256),\n",
       " ((412, 497), 0.6382978723404256),\n",
       " ((497, 412), 0.6382978723404256),\n",
       " ((141, 121), 0.638095238095238),\n",
       " ((121, 141), 0.638095238095238),\n",
       " ((89, 12), 0.6363636363636364),\n",
       " ((136, 85), 0.6363636363636364),\n",
       " ((20, 60), 0.6363636363636364),\n",
       " ((12, 89), 0.6363636363636364),\n",
       " ((30, 245), 0.6363636363636364),\n",
       " ((56, 33), 0.6363636363636364),\n",
       " ((42, 69), 0.6363636363636364),\n",
       " ((54, 6), 0.6363636363636364),\n",
       " ((429, 21), 0.6363636363636364),\n",
       " ((13, 43), 0.6363636363636364),\n",
       " ((30, 101), 0.6363636363636364),\n",
       " ((427, 2), 0.6363636363636364),\n",
       " ((72, 35), 0.6363636363636364),\n",
       " ((21, 429), 0.6363636363636364),\n",
       " ((101, 30), 0.6363636363636364),\n",
       " ((33, 56), 0.6363636363636364),\n",
       " ((85, 136), 0.6363636363636364),\n",
       " ((245, 30), 0.6363636363636364),\n",
       " ((60, 20), 0.6363636363636364),\n",
       " ((6, 54), 0.6363636363636364),\n",
       " ((43, 13), 0.6363636363636364),\n",
       " ((35, 72), 0.6363636363636364),\n",
       " ((69, 42), 0.6363636363636364),\n",
       " ((2, 427), 0.6363636363636364),\n",
       " ((164, 163), 0.6352941176470588),\n",
       " ((163, 164), 0.6352941176470588),\n",
       " ((38, 20), 0.6349206349206349),\n",
       " ((20, 38), 0.6349206349206349),\n",
       " ((13, 22), 0.6345454545454545),\n",
       " ((22, 13), 0.6345454545454545),\n",
       " ((99, 13), 0.6344410876132931),\n",
       " ((13, 99), 0.6344410876132931),\n",
       " ((13, 2), 0.6344086021505376),\n",
       " ((2, 13), 0.6344086021505376),\n",
       " ((122, 58), 0.6341463414634146),\n",
       " ((58, 122), 0.6341463414634146),\n",
       " ((6, 80), 0.6341463414634146),\n",
       " ((80, 6), 0.6341463414634146),\n",
       " ((57, 72), 0.6341463414634146),\n",
       " ((72, 57), 0.6341463414634146),\n",
       " ((134, 68), 0.6339285714285714),\n",
       " ((68, 134), 0.6339285714285714),\n",
       " ((69, 133), 0.6338028169014085),\n",
       " ((133, 69), 0.6338028169014085),\n",
       " ((50, 72), 0.6333333333333333),\n",
       " ((28, 76), 0.6333333333333333),\n",
       " ((103, 134), 0.6333333333333333),\n",
       " ((497, 16), 0.6333333333333333),\n",
       " ((134, 103), 0.6333333333333333),\n",
       " ((76, 28), 0.6333333333333333),\n",
       " ((101, 85), 0.6333333333333333),\n",
       " ((85, 101), 0.6333333333333333),\n",
       " ((16, 497), 0.6333333333333333),\n",
       " ((72, 50), 0.6333333333333333),\n",
       " ((56, 101), 0.6329113924050633),\n",
       " ((101, 56), 0.6329113924050633),\n",
       " ((79, 104), 0.6320754716981132),\n",
       " ((104, 79), 0.6320754716981132),\n",
       " ((96, 22), 0.631578947368421),\n",
       " ((133, 85), 0.631578947368421),\n",
       " ((163, 4), 0.631578947368421),\n",
       " ((85, 133), 0.631578947368421),\n",
       " ((69, 68), 0.631578947368421),\n",
       " ((412, 223), 0.631578947368421),\n",
       " ((223, 412), 0.631578947368421),\n",
       " ((4, 163), 0.631578947368421),\n",
       " ((13, 104), 0.631578947368421),\n",
       " ((68, 69), 0.631578947368421),\n",
       " ((22, 96), 0.631578947368421),\n",
       " ((83, 114), 0.631578947368421),\n",
       " ((114, 83), 0.631578947368421),\n",
       " ((104, 13), 0.631578947368421),\n",
       " ((56, 163), 0.6307692307692307),\n",
       " ((99, 69), 0.6307692307692307),\n",
       " ((69, 99), 0.6307692307692307),\n",
       " ((163, 56), 0.6307692307692307),\n",
       " ((13, 143), 0.6306306306306306),\n",
       " ((143, 13), 0.6306306306306306),\n",
       " ((13, 201), 0.6305418719211823),\n",
       " ((201, 13), 0.6305418719211823),\n",
       " ((163, 76), 0.6304347826086957),\n",
       " ((164, 27), 0.6304347826086957),\n",
       " ((76, 163), 0.6304347826086957),\n",
       " ((27, 164), 0.6304347826086957),\n",
       " ((20, 5), 0.6301369863013698),\n",
       " ((5, 20), 0.6301369863013698),\n",
       " ((68, 58), 0.6296296296296297),\n",
       " ((58, 68), 0.6296296296296297),\n",
       " ((10, 72), 0.6296296296296297),\n",
       " ((72, 10), 0.6296296296296297),\n",
       " ((75, 58), 0.6296296296296297),\n",
       " ((15, 110), 0.6296296296296297),\n",
       " ((58, 75), 0.6296296296296297),\n",
       " ((110, 15), 0.6296296296296297),\n",
       " ((14, 69), 0.6290322580645161),\n",
       " ((50, 7), 0.6290322580645161),\n",
       " ((7, 50), 0.6290322580645161),\n",
       " ((69, 14), 0.6290322580645161),\n",
       " ((77, 33), 0.6285714285714286),\n",
       " ((35, 154), 0.6285714285714286),\n",
       " ((154, 35), 0.6285714285714286),\n",
       " ((164, 114), 0.6285714285714286),\n",
       " ((114, 164), 0.6285714285714286),\n",
       " ((19, 20), 0.6285714285714286),\n",
       " ((33, 77), 0.6285714285714286),\n",
       " ((20, 19), 0.6285714285714286),\n",
       " ((106, 69), 0.6282051282051282),\n",
       " ((126, 2), 0.6282051282051282),\n",
       " ((69, 106), 0.6282051282051282),\n",
       " ((2, 126), 0.6282051282051282),\n",
       " ((254, 64), 0.627906976744186),\n",
       " ((42, 245), 0.627906976744186),\n",
       " ((64, 254), 0.627906976744186),\n",
       " ((245, 42), 0.627906976744186),\n",
       " ((107, 35), 0.627906976744186),\n",
       " ((35, 107), 0.627906976744186),\n",
       " ((126, 13), 0.6276150627615062),\n",
       " ((13, 126), 0.6276150627615062),\n",
       " ((238, 163), 0.6274509803921569),\n",
       " ((2, 223), 0.6274509803921569),\n",
       " ((223, 2), 0.6274509803921569),\n",
       " ((163, 238), 0.6274509803921569),\n",
       " ((203, 240), 0.6271186440677966),\n",
       " ((240, 203), 0.6271186440677966),\n",
       " ((13, 28), 0.6263399693721287),\n",
       " ((28, 13), 0.6263399693721287),\n",
       " ((98, 163), 0.6259541984732825),\n",
       " ((163, 98), 0.6259541984732825),\n",
       " ((13, 412), 0.625503355704698),\n",
       " ((412, 13), 0.625503355704698),\n",
       " ((412, 40), 0.625),\n",
       " ((412, 12), 0.625),\n",
       " ((150, 6), 0.625),\n",
       " ((13, 10), 0.625),\n",
       " ((6, 240), 0.625),\n",
       " ((60, 64), 0.625),\n",
       " ((429, 133), 0.625),\n",
       " ((69, 90), 0.625),\n",
       " ((83, 72), 0.625),\n",
       " ((38, 56), 0.625),\n",
       " ((40, 412), 0.625),\n",
       " ((56, 38), 0.625),\n",
       " ((254, 203), 0.625),\n",
       " ((254, 421), 0.625),\n",
       " ((56, 203), 0.625),\n",
       " ((2, 85), 0.625),\n",
       " ((90, 69), 0.625),\n",
       " ((203, 42), 0.625),\n",
       " ((10, 13), 0.625),\n",
       " ((203, 56), 0.625),\n",
       " ((107, 6), 0.625),\n",
       " ((421, 254), 0.625),\n",
       " ((77, 127), 0.625),\n",
       " ((6, 150), 0.625),\n",
       " ((240, 6), 0.625),\n",
       " ((163, 55), 0.625),\n",
       " ((55, 163), 0.625),\n",
       " ((133, 429), 0.625),\n",
       " ((35, 106), 0.625),\n",
       " ((106, 35), 0.625),\n",
       " ((64, 60), 0.625),\n",
       " ((203, 254), 0.625),\n",
       " ((127, 77), 0.625),\n",
       " ((85, 2), 0.625),\n",
       " ((421, 36), 0.625),\n",
       " ((72, 83), 0.625),\n",
       " ((42, 203), 0.625),\n",
       " ((12, 412), 0.625),\n",
       " ((36, 421), 0.625),\n",
       " ((6, 107), 0.625),\n",
       " ((13, 23), 0.6245059288537549),\n",
       " ((23, 13), 0.6245059288537549),\n",
       " ((82, 429), 0.6233766233766234),\n",
       " ((516, 420), 0.6233766233766234),\n",
       " ((429, 82), 0.6233766233766234),\n",
       " ((420, 516), 0.6233766233766234),\n",
       " ((7, 131), 0.6229508196721312),\n",
       " ((131, 7), 0.6229508196721312),\n",
       " ((117, 432), 0.6226415094339622),\n",
       " ((432, 117), 0.6226415094339622),\n",
       " ((83, 41), 0.6226415094339622),\n",
       " ((41, 83), 0.6226415094339622),\n",
       " ((127, 111), 0.6222222222222222),\n",
       " ((111, 127), 0.6222222222222222),\n",
       " ((44, 53), 0.6222222222222222),\n",
       " ((53, 44), 0.6222222222222222),\n",
       " ((163, 68), 0.6222222222222222),\n",
       " ((68, 163), 0.6222222222222222),\n",
       " ((19, 13), 0.622),\n",
       " ((13, 19), 0.622),\n",
       " ((7, 72), 0.6216216216216216),\n",
       " ((254, 13), 0.6216216216216216),\n",
       " ((13, 254), 0.6216216216216216),\n",
       " ((223, 76), 0.6216216216216216),\n",
       " ((111, 133), 0.6216216216216216),\n",
       " ((57, 266), 0.6216216216216216),\n",
       " ((72, 7), 0.6216216216216216),\n",
       " ((76, 223), 0.6216216216216216),\n",
       " ((266, 57), 0.6216216216216216),\n",
       " ((133, 111), 0.6216216216216216),\n",
       " ((223, 8), 0.6212121212121212),\n",
       " ((8, 223), 0.6212121212121212),\n",
       " ((20, 21), 0.6211453744493393),\n",
       " ((21, 20), 0.6211453744493393),\n",
       " ((127, 2), 0.6206896551724138),\n",
       " ((3, 12), 0.6206896551724138),\n",
       " ((7, 103), 0.6206896551724138),\n",
       " ((12, 3), 0.6206896551724138),\n",
       " ((72, 14), 0.6206896551724138),\n",
       " ((103, 7), 0.6206896551724138),\n",
       " ((14, 72), 0.6206896551724138),\n",
       " ((2, 127), 0.6206896551724138),\n",
       " ((64, 28), 0.6204379562043796),\n",
       " ((28, 64), 0.6204379562043796),\n",
       " ((133, 13), 0.6203703703703703),\n",
       " ((13, 133), 0.6203703703703703),\n",
       " ((58, 35), 0.6203703703703703),\n",
       " ((35, 58), 0.6203703703703703),\n",
       " ((50, 54), 0.620253164556962),\n",
       " ((54, 50), 0.620253164556962),\n",
       " ((516, 133), 0.62),\n",
       " ((50, 42), 0.62),\n",
       " ((133, 516), 0.62),\n",
       " ((20, 50), 0.62),\n",
       " ((42, 50), 0.62),\n",
       " ((50, 20), 0.62),\n",
       " ((164, 238), 0.6198347107438017),\n",
       " ((238, 164), 0.6198347107438017),\n",
       " ((12, 30), 0.6195652173913043),\n",
       " ((30, 12), 0.6195652173913043),\n",
       " ((76, 85), 0.6190476190476191),\n",
       " ((78, 223), 0.6190476190476191),\n",
       " ((429, 202), 0.6190476190476191),\n",
       " ((223, 78), 0.6190476190476191),\n",
       " ((112, 1), 0.6190476190476191),\n",
       " ((26, 2), 0.6190476190476191),\n",
       " ((6, 39), 0.6190476190476191),\n",
       " ((106, 516), 0.6190476190476191),\n",
       " ((2, 26), 0.6190476190476191),\n",
       " ((82, 39), 0.6190476190476191),\n",
       " ((39, 82), 0.6190476190476191),\n",
       " ((77, 432), 0.6190476190476191),\n",
       " ((1, 112), 0.6190476190476191),\n",
       " ((432, 77), 0.6190476190476191),\n",
       " ((85, 76), 0.6190476190476191),\n",
       " ((39, 6), 0.6190476190476191),\n",
       " ((202, 429), 0.6190476190476191),\n",
       " ((497, 12), 0.6190476190476191),\n",
